30, 5
35, 4
76, 3
44, 3
6, 3
59, 2
94, 2
20, 3
52, 5
73, 4
75, 1
58, 4
43, 3
17, 2
41, 3
29, 1
19, 3
21, 3
89, 1
78, 2
49, 2
7, 4
11, 2
1, 1
55, 1
18, 2
25, 3
2, 8
48, 4
68, 1
12, 2
100, 2
99, 3
95, 1
93, 2
64, 2
87, 3
27, 2
13, 1
40, 5
4, 3
3, 3
74, 6
72, 1
71, 4
10, 3
51, 3
42, 4
63, 1
80, 2
28, 3
15, 1
5, 2
60, 2
83, 1
84, 3
56, 1
82, 2
24, 2
66, 2
79, 3
46, 2
16, 1
26, 2
65, 1
50, 1
69, 1
98, 3
67, 1
47, 4
85, 2
90, 1
22, 1
14, 5
92, 1
32, 2
53, 1
81, 1
70, 1
86, 1
34, 2
36, 1
57, 1
97, 2
54, 1
61, 1
